72.336954	109.953933	82.180649	108.547690	73.040075	119.094507	85.696255	118.391386	
NaN	NaN	NaN	NaN	NaN	NaN	NaN	NaN	
NaN	NaN	NaN	NaN	NaN	NaN	NaN	NaN	
150.276410	109.835196	162.622158	107.630598	157.331123	99.253126	145.867215	99.694046	
224.791817	104.544161	230.523771	104.544161	230.523771	99.253126	223.028139	97.489448	
NaN	NaN	NaN	NaN	NaN	NaN	NaN	NaN	
NaN	NaN	NaN	NaN	NaN	NaN	NaN	NaN	
303.275500	165.391061	308.566535	169.800257	312.093891	164.950142	309.889293	160.981866	
379.269718	237.429879	384.776684	240.642276	387.989081	236.053138	382.482115	230.546172
NaN	NaN	NaN	NaN	NaN	NaN	NaN	NaN	
