121.555431	56.516729	140.539700	57.219850	126.477278	75.500999	141.945943	74.797878	142.649064	74.797878	
NaN	NaN	NaN	NaN	NaN	NaN	NaN	NaN	
NaN	NaN	NaN	NaN	NaN	NaN	NaN	NaN	
224.646191	111.896258	232.912704	114.071656	232.477625	107.980541	225.081270	103.194664	
292.083538	209.354101	292.083538	215.445216	292.083538	215.880296	298.609733	215.445216	299.044812	210.224260	
291.213378	200.652508	291.648458	205.003305	296.869414	205.873464	297.739573	201.522667	
306.006087	292.019236	306.006087	292.019236	298.609733	292.454316	299.914972	298.110351	306.006087	297.240192	
298.609733	282.447484	297.739573	288.538599	304.265768	285.928121	304.700848	285.928121	306.441167	280.707165	
311.401605	362.224687	311.401605	368.402641	311.765014	368.402641	318.669787	368.766050	319.760014	362.951505	
334.516726	167.848901	334.516726	167.848901	324.117449	170.000476	329.496385	178.606775	338.819876	177.172392	
