164.796727	45.723169	173.585741	56.465297	191.163768	48.652840	179.933362	34.981041	93.508060	101.386923	
241.355708	98.626941	224.211111	104.627549	224.211111	105.484779	229.354490	110.628158	242.212938	106.342009	
NaN	NaN	NaN	NaN	NaN	NaN	NaN	NaN	
236.985426	143.162838	240.175254	152.532958	248.548553	144.757752	247.352368	135.387632	
270.754276	213.226617	273.578604	223.360967	279.725668	219.872092	276.901341	208.076373	
285.652904	253.645067	289.324063	257.123008	295.700288	255.770475	292.802004	250.940002	
NaN	NaN	NaN	NaN	NaN	NaN	NaN	NaN	
NaN	NaN	NaN	NaN	NaN	NaN	NaN	NaN	
NaN	NaN	NaN	NaN	NaN	NaN	NaN	NaN	
303.158003	131.779676	295.107215	131.940692	291.403853	126.466156	302.996988	126.949203	
