36.477778	182.375406	24.524719	202.765918	32.962172	208.390886	33.665293	208.390886	45.618352	190.812859	
178.942883	144.144989	172.585089	149.325414	180.826674	152.151100	186.713519	148.383518	186.713519	148.383518	
NaN	NaN	NaN	NaN	NaN	NaN	NaN	NaN	
163.742697	150.031835	170.773908	151.438077	172.883271	144.406866	166.555181	142.297503	
227.726717	166.203620	234.054806	166.906742	235.461049	157.766167	227.726717	157.063046	
NaN	NaN	NaN	NaN	NaN	NaN	NaN	NaN	
NaN	NaN	NaN	NaN	NaN	NaN	NaN	NaN	
294.523221	193.625343	300.851311	193.625343	300.851311	185.891011	293.116979	185.187890	
339.522971	248.468789	342.335456	251.984395	348.663546	244.953184	344.444819	240.031336	
NaN	NaN	NaN	NaN	NaN	NaN	NaN	NaN	
