57.382089	121.440523	52.845617	136.699565	66.455033	138.142988	73.672148	120.615710	
198.502677	105.075939	194.812519	115.810942	205.547523	119.836569	209.573149	106.753283	
NaN	NaN	NaN	NaN	NaN	NaN	NaN	NaN	
180.722827	119.836569	193.135175	117.488287	186.425798	105.411408	174.348919	106.417814	
325.610253	229.778252	330.238368	235.668580	337.601278	228.936777	332.973163	220.311653	
317.591987	195.010933	307.496282	200.779908	309.900021	206.308508	321.197596	199.097290
354.351107	278.284322	346.693972	285.941457	352.819680	290.280500	360.221577	282.623365	
368.223495	326.207367	368.489149	333.380033	375.927469	333.114379	375.396161	326.738676	
388.944530	406.434963	393.460653	409.622814	396.914158	403.778420	393.991961	400.590569	
NaN	NaN	NaN	NaN	NaN	NaN	NaN	NaN	
