70.930712	53.704245	87.102497	55.110487	89.914981	67.766667	74.446317	69.172909	
223.507990	112.766417	216.476779	121.906991	224.211111	127.531960	232.648564	119.094507	
NaN	NaN	NaN	NaN	NaN	NaN	NaN	NaN	
203.820599	100.813358	203.820599	116.985144	211.554931	116.985144	211.554931	102.922722	
272.202957	271.852282	272.471342	278.696119	283.206774	278.025155	282.804195	271.047125	
279.072370	237.691397	269.747606	239.386808	270.030175	244.190474	279.920076	243.342769	
277.792688	325.635143	269.354876	329.755935	275.634178	335.839009	284.268219	330.933305	
287.452671	372.274689	282.703027	380.377022	291.643534	381.494586	295.555005	375.068597	
310.488462	457.038470	314.538974	459.651704	317.674855	455.862515	313.755004	452.465310	
332.311515	183.682384	329.699240	190.916376	336.732288	191.921097	338.339841	183.682384
